{
 "cells": [
  {
   "cell_type": "code",
   "execution_count": 16,
   "metadata": {
    "collapsed": true
   },
   "outputs": [],
   "source": [
    "import matplotlib.pyplot as plt\n",
    "import numpy as np\n",
    "import plotly.graph_objs as go\n",
    "from plotly.offline import init_notebook_mode, iplot\n",
    "\n",
    "from com.sbk.func.func_1 import calc_gradient_2, func_2\n"
   ]
  },
  {
   "cell_type": "code",
   "execution_count": 17,
   "metadata": {
    "collapsed": true
   },
   "outputs": [
    {
     "data": {
      "text/html": [
       "<script>requirejs.config({paths: { 'plotly': ['https://cdn.plot.ly/plotly-latest.min']},});if(!window.Plotly) {{require(['plotly'],function(plotly) {window.Plotly=plotly;});}}</script>"
      ],
      "text/plain": [
       "<script>requirejs.config({paths: { 'plotly': ['https://cdn.plot.ly/plotly-latest.min']},});if(!window.Plotly) {{require(['plotly'],function(plotly) {window.Plotly=plotly;});}}</script>"
      ]
     },
     "execution_count": 0,
     "metadata": {},
     "output_type": "execute_result"
    }
   ],
   "source": [
    "init_notebook_mode(connected=True)"
   ]
  },
  {
   "cell_type": "code",
   "execution_count": 18,
   "metadata": {
    "collapsed": true
   },
   "outputs": [],
   "source": [
    "t1 = np.arange(-8, 15, 0.5)\n",
    "t2 = np.arange(-8, 15, 0.5)\n"
   ]
  },
  {
   "cell_type": "code",
   "execution_count": 19,
   "metadata": {
    "collapsed": true
   },
   "outputs": [],
   "source": [
    "x,y = np.meshgrid(t1, t2)\n",
    "z = func_2(x,y)\n"
   ]
  },
  {
   "cell_type": "code",
   "execution_count": 20,
   "metadata": {
    "collapsed": true
   },
   "outputs": [],
   "source": [
    "s_a_x = -6\n",
    "s_a_y = -6\n",
    "s_a_v = func_2(s_a_x, s_a_y)\n"
   ]
  },
  {
   "cell_type": "code",
   "execution_count": 21,
   "metadata": {
    "collapsed": true
   },
   "outputs": [],
   "source": [
    "\n",
    "func_trace = go.Surface(x=x, y=y, z=z, colorscale='Viridis', opacity=0.8)\n"
   ]
  },
  {
   "cell_type": "code",
   "execution_count": 22,
   "metadata": {
    "collapsed": true
   },
   "outputs": [],
   "source": [
    "s_a_trace = go.Scatter3d(\n",
    "    x=[s_a_x],\n",
    "    y=[s_a_y],\n",
    "    z=[s_a_v],  \n",
    "    marker=dict(\n",
    "        color='red',\n",
    "        size=5,\n",
    "        symbol=\"circle\"\n",
    "    )\n",
    ")\n"
   ]
  },
  {
   "cell_type": "code",
   "execution_count": 8,
   "metadata": {
    "collapsed": true
   },
   "outputs": [
    {
     "data": {
      "text/html": [
       "<div id=\"d4f4a2db-5d75-4ddd-9248-aafd93e03106\" style=\"height: 525px; width: 100%;\" class=\"plotly-graph-div\"></div><script type=\"text/javascript\">require([\"plotly\"], function(Plotly) { window.PLOTLYENV=window.PLOTLYENV || {};window.PLOTLYENV.BASE_URL=\"https://plot.ly\";Plotly.newPlot(\"d4f4a2db-5d75-4ddd-9248-aafd93e03106\", [{\"colorscale\": \"Viridis\", \"opacity\": 0.8, \"x\": [[-8.0, -7.5, -7.0, -6.5, -6.0, -5.5, -5.0, -4.5, -4.0, -3.5, -3.0, -2.5, -2.0, -1.5, -1.0, -0.5, 0.0, 0.5, 1.0, 1.5, 2.0, 2.5, 3.0, 3.5, 4.0, 4.5, 5.0, 5.5, 6.0, 6.5, 7.0, 7.5, 8.0, 8.5, 9.0, 9.5, 10.0, 10.5, 11.0, 11.5, 12.0, 12.5, 13.0, 13.5, 14.0, 14.5], [-8.0, -7.5, -7.0, -6.5, -6.0, -5.5, -5.0, -4.5, -4.0, -3.5, -3.0, -2.5, -2.0, -1.5, -1.0, -0.5, 0.0, 0.5, 1.0, 1.5, 2.0, 2.5, 3.0, 3.5, 4.0, 4.5, 5.0, 5.5, 6.0, 6.5, 7.0, 7.5, 8.0, 8.5, 9.0, 9.5, 10.0, 10.5, 11.0, 11.5, 12.0, 12.5, 13.0, 13.5, 14.0, 14.5], [-8.0, -7.5, -7.0, -6.5, -6.0, -5.5, -5.0, -4.5, -4.0, -3.5, -3.0, -2.5, -2.0, -1.5, -1.0, -0.5, 0.0, 0.5, 1.0, 1.5, 2.0, 2.5, 3.0, 3.5, 4.0, 4.5, 5.0, 5.5, 6.0, 6.5, 7.0, 7.5, 8.0, 8.5, 9.0, 9.5, 10.0, 10.5, 11.0, 11.5, 12.0, 12.5, 13.0, 13.5, 14.0, 14.5], [-8.0, -7.5, -7.0, -6.5, -6.0, -5.5, -5.0, -4.5, -4.0, -3.5, -3.0, -2.5, -2.0, -1.5, -1.0, -0.5, 0.0, 0.5, 1.0, 1.5, 2.0, 2.5, 3.0, 3.5, 4.0, 4.5, 5.0, 5.5, 6.0, 6.5, 7.0, 7.5, 8.0, 8.5, 9.0, 9.5, 10.0, 10.5, 11.0, 11.5, 12.0, 12.5, 13.0, 13.5, 14.0, 14.5], [-8.0, -7.5, -7.0, -6.5, -6.0, -5.5, -5.0, -4.5, -4.0, -3.5, -3.0, -2.5, -2.0, -1.5, -1.0, -0.5, 0.0, 0.5, 1.0, 1.5, 2.0, 2.5, 3.0, 3.5, 4.0, 4.5, 5.0, 5.5, 6.0, 6.5, 7.0, 7.5, 8.0, 8.5, 9.0, 9.5, 10.0, 10.5, 11.0, 11.5, 12.0, 12.5, 13.0, 13.5, 14.0, 14.5], [-8.0, -7.5, -7.0, -6.5, -6.0, -5.5, -5.0, -4.5, -4.0, -3.5, -3.0, -2.5, -2.0, -1.5, -1.0, -0.5, 0.0, 0.5, 1.0, 1.5, 2.0, 2.5, 3.0, 3.5, 4.0, 4.5, 5.0, 5.5, 6.0, 6.5, 7.0, 7.5, 8.0, 8.5, 9.0, 9.5, 10.0, 10.5, 11.0, 11.5, 12.0, 12.5, 13.0, 13.5, 14.0, 14.5], [-8.0, -7.5, -7.0, -6.5, -6.0, -5.5, -5.0, -4.5, -4.0, -3.5, -3.0, -2.5, -2.0, -1.5, -1.0, -0.5, 0.0, 0.5, 1.0, 1.5, 2.0, 2.5, 3.0, 3.5, 4.0, 4.5, 5.0, 5.5, 6.0, 6.5, 7.0, 7.5, 8.0, 8.5, 9.0, 9.5, 10.0, 10.5, 11.0, 11.5, 12.0, 12.5, 13.0, 13.5, 14.0, 14.5], [-8.0, -7.5, -7.0, -6.5, -6.0, -5.5, -5.0, -4.5, -4.0, -3.5, -3.0, -2.5, -2.0, -1.5, -1.0, -0.5, 0.0, 0.5, 1.0, 1.5, 2.0, 2.5, 3.0, 3.5, 4.0, 4.5, 5.0, 5.5, 6.0, 6.5, 7.0, 7.5, 8.0, 8.5, 9.0, 9.5, 10.0, 10.5, 11.0, 11.5, 12.0, 12.5, 13.0, 13.5, 14.0, 14.5], [-8.0, -7.5, -7.0, -6.5, -6.0, -5.5, -5.0, -4.5, -4.0, -3.5, -3.0, -2.5, -2.0, -1.5, -1.0, -0.5, 0.0, 0.5, 1.0, 1.5, 2.0, 2.5, 3.0, 3.5, 4.0, 4.5, 5.0, 5.5, 6.0, 6.5, 7.0, 7.5, 8.0, 8.5, 9.0, 9.5, 10.0, 10.5, 11.0, 11.5, 12.0, 12.5, 13.0, 13.5, 14.0, 14.5], [-8.0, -7.5, -7.0, -6.5, -6.0, -5.5, -5.0, -4.5, -4.0, -3.5, -3.0, -2.5, -2.0, -1.5, -1.0, -0.5, 0.0, 0.5, 1.0, 1.5, 2.0, 2.5, 3.0, 3.5, 4.0, 4.5, 5.0, 5.5, 6.0, 6.5, 7.0, 7.5, 8.0, 8.5, 9.0, 9.5, 10.0, 10.5, 11.0, 11.5, 12.0, 12.5, 13.0, 13.5, 14.0, 14.5], [-8.0, -7.5, -7.0, -6.5, -6.0, -5.5, -5.0, -4.5, -4.0, -3.5, -3.0, -2.5, -2.0, -1.5, -1.0, -0.5, 0.0, 0.5, 1.0, 1.5, 2.0, 2.5, 3.0, 3.5, 4.0, 4.5, 5.0, 5.5, 6.0, 6.5, 7.0, 7.5, 8.0, 8.5, 9.0, 9.5, 10.0, 10.5, 11.0, 11.5, 12.0, 12.5, 13.0, 13.5, 14.0, 14.5], [-8.0, -7.5, -7.0, -6.5, -6.0, -5.5, -5.0, -4.5, -4.0, -3.5, -3.0, -2.5, -2.0, -1.5, -1.0, -0.5, 0.0, 0.5, 1.0, 1.5, 2.0, 2.5, 3.0, 3.5, 4.0, 4.5, 5.0, 5.5, 6.0, 6.5, 7.0, 7.5, 8.0, 8.5, 9.0, 9.5, 10.0, 10.5, 11.0, 11.5, 12.0, 12.5, 13.0, 13.5, 14.0, 14.5], [-8.0, -7.5, -7.0, -6.5, -6.0, -5.5, -5.0, -4.5, -4.0, -3.5, -3.0, -2.5, -2.0, -1.5, -1.0, -0.5, 0.0, 0.5, 1.0, 1.5, 2.0, 2.5, 3.0, 3.5, 4.0, 4.5, 5.0, 5.5, 6.0, 6.5, 7.0, 7.5, 8.0, 8.5, 9.0, 9.5, 10.0, 10.5, 11.0, 11.5, 12.0, 12.5, 13.0, 13.5, 14.0, 14.5], [-8.0, -7.5, -7.0, -6.5, -6.0, -5.5, -5.0, -4.5, -4.0, -3.5, -3.0, -2.5, -2.0, -1.5, -1.0, -0.5, 0.0, 0.5, 1.0, 1.5, 2.0, 2.5, 3.0, 3.5, 4.0, 4.5, 5.0, 5.5, 6.0, 6.5, 7.0, 7.5, 8.0, 8.5, 9.0, 9.5, 10.0, 10.5, 11.0, 11.5, 12.0, 12.5, 13.0, 13.5, 14.0, 14.5], [-8.0, -7.5, -7.0, -6.5, -6.0, -5.5, -5.0, -4.5, -4.0, -3.5, -3.0, -2.5, -2.0, -1.5, -1.0, -0.5, 0.0, 0.5, 1.0, 1.5, 2.0, 2.5, 3.0, 3.5, 4.0, 4.5, 5.0, 5.5, 6.0, 6.5, 7.0, 7.5, 8.0, 8.5, 9.0, 9.5, 10.0, 10.5, 11.0, 11.5, 12.0, 12.5, 13.0, 13.5, 14.0, 14.5], [-8.0, -7.5, -7.0, -6.5, -6.0, -5.5, -5.0, -4.5, -4.0, -3.5, -3.0, -2.5, -2.0, -1.5, -1.0, -0.5, 0.0, 0.5, 1.0, 1.5, 2.0, 2.5, 3.0, 3.5, 4.0, 4.5, 5.0, 5.5, 6.0, 6.5, 7.0, 7.5, 8.0, 8.5, 9.0, 9.5, 10.0, 10.5, 11.0, 11.5, 12.0, 12.5, 13.0, 13.5, 14.0, 14.5], [-8.0, -7.5, -7.0, -6.5, -6.0, -5.5, -5.0, -4.5, -4.0, -3.5, -3.0, -2.5, -2.0, -1.5, -1.0, -0.5, 0.0, 0.5, 1.0, 1.5, 2.0, 2.5, 3.0, 3.5, 4.0, 4.5, 5.0, 5.5, 6.0, 6.5, 7.0, 7.5, 8.0, 8.5, 9.0, 9.5, 10.0, 10.5, 11.0, 11.5, 12.0, 12.5, 13.0, 13.5, 14.0, 14.5], [-8.0, -7.5, -7.0, -6.5, -6.0, -5.5, -5.0, -4.5, -4.0, -3.5, -3.0, -2.5, -2.0, -1.5, -1.0, -0.5, 0.0, 0.5, 1.0, 1.5, 2.0, 2.5, 3.0, 3.5, 4.0, 4.5, 5.0, 5.5, 6.0, 6.5, 7.0, 7.5, 8.0, 8.5, 9.0, 9.5, 10.0, 10.5, 11.0, 11.5, 12.0, 12.5, 13.0, 13.5, 14.0, 14.5], [-8.0, -7.5, -7.0, -6.5, -6.0, -5.5, -5.0, -4.5, -4.0, -3.5, -3.0, -2.5, -2.0, -1.5, -1.0, -0.5, 0.0, 0.5, 1.0, 1.5, 2.0, 2.5, 3.0, 3.5, 4.0, 4.5, 5.0, 5.5, 6.0, 6.5, 7.0, 7.5, 8.0, 8.5, 9.0, 9.5, 10.0, 10.5, 11.0, 11.5, 12.0, 12.5, 13.0, 13.5, 14.0, 14.5], [-8.0, -7.5, -7.0, -6.5, -6.0, -5.5, -5.0, -4.5, -4.0, -3.5, -3.0, -2.5, -2.0, -1.5, -1.0, -0.5, 0.0, 0.5, 1.0, 1.5, 2.0, 2.5, 3.0, 3.5, 4.0, 4.5, 5.0, 5.5, 6.0, 6.5, 7.0, 7.5, 8.0, 8.5, 9.0, 9.5, 10.0, 10.5, 11.0, 11.5, 12.0, 12.5, 13.0, 13.5, 14.0, 14.5], [-8.0, -7.5, -7.0, -6.5, -6.0, -5.5, -5.0, -4.5, -4.0, -3.5, -3.0, -2.5, -2.0, -1.5, -1.0, -0.5, 0.0, 0.5, 1.0, 1.5, 2.0, 2.5, 3.0, 3.5, 4.0, 4.5, 5.0, 5.5, 6.0, 6.5, 7.0, 7.5, 8.0, 8.5, 9.0, 9.5, 10.0, 10.5, 11.0, 11.5, 12.0, 12.5, 13.0, 13.5, 14.0, 14.5], [-8.0, -7.5, -7.0, -6.5, -6.0, -5.5, -5.0, -4.5, -4.0, -3.5, -3.0, -2.5, -2.0, -1.5, -1.0, -0.5, 0.0, 0.5, 1.0, 1.5, 2.0, 2.5, 3.0, 3.5, 4.0, 4.5, 5.0, 5.5, 6.0, 6.5, 7.0, 7.5, 8.0, 8.5, 9.0, 9.5, 10.0, 10.5, 11.0, 11.5, 12.0, 12.5, 13.0, 13.5, 14.0, 14.5], [-8.0, -7.5, -7.0, -6.5, -6.0, -5.5, -5.0, -4.5, -4.0, -3.5, -3.0, -2.5, -2.0, -1.5, -1.0, -0.5, 0.0, 0.5, 1.0, 1.5, 2.0, 2.5, 3.0, 3.5, 4.0, 4.5, 5.0, 5.5, 6.0, 6.5, 7.0, 7.5, 8.0, 8.5, 9.0, 9.5, 10.0, 10.5, 11.0, 11.5, 12.0, 12.5, 13.0, 13.5, 14.0, 14.5], [-8.0, -7.5, -7.0, -6.5, -6.0, -5.5, -5.0, -4.5, -4.0, -3.5, -3.0, -2.5, -2.0, -1.5, -1.0, -0.5, 0.0, 0.5, 1.0, 1.5, 2.0, 2.5, 3.0, 3.5, 4.0, 4.5, 5.0, 5.5, 6.0, 6.5, 7.0, 7.5, 8.0, 8.5, 9.0, 9.5, 10.0, 10.5, 11.0, 11.5, 12.0, 12.5, 13.0, 13.5, 14.0, 14.5], [-8.0, -7.5, -7.0, -6.5, -6.0, -5.5, -5.0, -4.5, -4.0, -3.5, -3.0, -2.5, -2.0, -1.5, -1.0, -0.5, 0.0, 0.5, 1.0, 1.5, 2.0, 2.5, 3.0, 3.5, 4.0, 4.5, 5.0, 5.5, 6.0, 6.5, 7.0, 7.5, 8.0, 8.5, 9.0, 9.5, 10.0, 10.5, 11.0, 11.5, 12.0, 12.5, 13.0, 13.5, 14.0, 14.5], [-8.0, -7.5, -7.0, -6.5, -6.0, -5.5, -5.0, -4.5, -4.0, -3.5, -3.0, -2.5, -2.0, -1.5, -1.0, -0.5, 0.0, 0.5, 1.0, 1.5, 2.0, 2.5, 3.0, 3.5, 4.0, 4.5, 5.0, 5.5, 6.0, 6.5, 7.0, 7.5, 8.0, 8.5, 9.0, 9.5, 10.0, 10.5, 11.0, 11.5, 12.0, 12.5, 13.0, 13.5, 14.0, 14.5], [-8.0, -7.5, -7.0, -6.5, -6.0, -5.5, -5.0, -4.5, -4.0, -3.5, -3.0, -2.5, -2.0, -1.5, -1.0, -0.5, 0.0, 0.5, 1.0, 1.5, 2.0, 2.5, 3.0, 3.5, 4.0, 4.5, 5.0, 5.5, 6.0, 6.5, 7.0, 7.5, 8.0, 8.5, 9.0, 9.5, 10.0, 10.5, 11.0, 11.5, 12.0, 12.5, 13.0, 13.5, 14.0, 14.5], [-8.0, -7.5, -7.0, -6.5, -6.0, -5.5, -5.0, -4.5, -4.0, -3.5, -3.0, -2.5, -2.0, -1.5, -1.0, -0.5, 0.0, 0.5, 1.0, 1.5, 2.0, 2.5, 3.0, 3.5, 4.0, 4.5, 5.0, 5.5, 6.0, 6.5, 7.0, 7.5, 8.0, 8.5, 9.0, 9.5, 10.0, 10.5, 11.0, 11.5, 12.0, 12.5, 13.0, 13.5, 14.0, 14.5], [-8.0, -7.5, -7.0, -6.5, -6.0, -5.5, -5.0, -4.5, -4.0, -3.5, -3.0, -2.5, -2.0, -1.5, -1.0, -0.5, 0.0, 0.5, 1.0, 1.5, 2.0, 2.5, 3.0, 3.5, 4.0, 4.5, 5.0, 5.5, 6.0, 6.5, 7.0, 7.5, 8.0, 8.5, 9.0, 9.5, 10.0, 10.5, 11.0, 11.5, 12.0, 12.5, 13.0, 13.5, 14.0, 14.5], [-8.0, -7.5, -7.0, -6.5, -6.0, -5.5, -5.0, -4.5, -4.0, -3.5, -3.0, -2.5, -2.0, -1.5, -1.0, -0.5, 0.0, 0.5, 1.0, 1.5, 2.0, 2.5, 3.0, 3.5, 4.0, 4.5, 5.0, 5.5, 6.0, 6.5, 7.0, 7.5, 8.0, 8.5, 9.0, 9.5, 10.0, 10.5, 11.0, 11.5, 12.0, 12.5, 13.0, 13.5, 14.0, 14.5], [-8.0, -7.5, -7.0, -6.5, -6.0, -5.5, -5.0, -4.5, -4.0, -3.5, -3.0, -2.5, -2.0, -1.5, -1.0, -0.5, 0.0, 0.5, 1.0, 1.5, 2.0, 2.5, 3.0, 3.5, 4.0, 4.5, 5.0, 5.5, 6.0, 6.5, 7.0, 7.5, 8.0, 8.5, 9.0, 9.5, 10.0, 10.5, 11.0, 11.5, 12.0, 12.5, 13.0, 13.5, 14.0, 14.5], [-8.0, -7.5, -7.0, -6.5, -6.0, -5.5, -5.0, -4.5, -4.0, -3.5, -3.0, -2.5, -2.0, -1.5, -1.0, -0.5, 0.0, 0.5, 1.0, 1.5, 2.0, 2.5, 3.0, 3.5, 4.0, 4.5, 5.0, 5.5, 6.0, 6.5, 7.0, 7.5, 8.0, 8.5, 9.0, 9.5, 10.0, 10.5, 11.0, 11.5, 12.0, 12.5, 13.0, 13.5, 14.0, 14.5], [-8.0, -7.5, -7.0, -6.5, -6.0, -5.5, -5.0, -4.5, -4.0, -3.5, -3.0, -2.5, -2.0, -1.5, -1.0, -0.5, 0.0, 0.5, 1.0, 1.5, 2.0, 2.5, 3.0, 3.5, 4.0, 4.5, 5.0, 5.5, 6.0, 6.5, 7.0, 7.5, 8.0, 8.5, 9.0, 9.5, 10.0, 10.5, 11.0, 11.5, 12.0, 12.5, 13.0, 13.5, 14.0, 14.5], [-8.0, -7.5, -7.0, -6.5, -6.0, -5.5, -5.0, -4.5, -4.0, -3.5, -3.0, -2.5, -2.0, -1.5, -1.0, -0.5, 0.0, 0.5, 1.0, 1.5, 2.0, 2.5, 3.0, 3.5, 4.0, 4.5, 5.0, 5.5, 6.0, 6.5, 7.0, 7.5, 8.0, 8.5, 9.0, 9.5, 10.0, 10.5, 11.0, 11.5, 12.0, 12.5, 13.0, 13.5, 14.0, 14.5], [-8.0, -7.5, -7.0, -6.5, -6.0, -5.5, -5.0, -4.5, -4.0, -3.5, -3.0, -2.5, -2.0, -1.5, -1.0, -0.5, 0.0, 0.5, 1.0, 1.5, 2.0, 2.5, 3.0, 3.5, 4.0, 4.5, 5.0, 5.5, 6.0, 6.5, 7.0, 7.5, 8.0, 8.5, 9.0, 9.5, 10.0, 10.5, 11.0, 11.5, 12.0, 12.5, 13.0, 13.5, 14.0, 14.5], [-8.0, -7.5, -7.0, -6.5, -6.0, -5.5, -5.0, -4.5, -4.0, -3.5, -3.0, -2.5, -2.0, -1.5, -1.0, -0.5, 0.0, 0.5, 1.0, 1.5, 2.0, 2.5, 3.0, 3.5, 4.0, 4.5, 5.0, 5.5, 6.0, 6.5, 7.0, 7.5, 8.0, 8.5, 9.0, 9.5, 10.0, 10.5, 11.0, 11.5, 12.0, 12.5, 13.0, 13.5, 14.0, 14.5], [-8.0, -7.5, -7.0, -6.5, -6.0, -5.5, -5.0, -4.5, -4.0, -3.5, -3.0, -2.5, -2.0, -1.5, -1.0, -0.5, 0.0, 0.5, 1.0, 1.5, 2.0, 2.5, 3.0, 3.5, 4.0, 4.5, 5.0, 5.5, 6.0, 6.5, 7.0, 7.5, 8.0, 8.5, 9.0, 9.5, 10.0, 10.5, 11.0, 11.5, 12.0, 12.5, 13.0, 13.5, 14.0, 14.5], [-8.0, -7.5, -7.0, -6.5, -6.0, -5.5, -5.0, -4.5, -4.0, -3.5, -3.0, -2.5, -2.0, -1.5, -1.0, -0.5, 0.0, 0.5, 1.0, 1.5, 2.0, 2.5, 3.0, 3.5, 4.0, 4.5, 5.0, 5.5, 6.0, 6.5, 7.0, 7.5, 8.0, 8.5, 9.0, 9.5, 10.0, 10.5, 11.0, 11.5, 12.0, 12.5, 13.0, 13.5, 14.0, 14.5], [-8.0, -7.5, -7.0, -6.5, -6.0, -5.5, -5.0, -4.5, -4.0, -3.5, -3.0, -2.5, -2.0, -1.5, -1.0, -0.5, 0.0, 0.5, 1.0, 1.5, 2.0, 2.5, 3.0, 3.5, 4.0, 4.5, 5.0, 5.5, 6.0, 6.5, 7.0, 7.5, 8.0, 8.5, 9.0, 9.5, 10.0, 10.5, 11.0, 11.5, 12.0, 12.5, 13.0, 13.5, 14.0, 14.5], [-8.0, -7.5, -7.0, -6.5, -6.0, -5.5, -5.0, -4.5, -4.0, -3.5, -3.0, -2.5, -2.0, -1.5, -1.0, -0.5, 0.0, 0.5, 1.0, 1.5, 2.0, 2.5, 3.0, 3.5, 4.0, 4.5, 5.0, 5.5, 6.0, 6.5, 7.0, 7.5, 8.0, 8.5, 9.0, 9.5, 10.0, 10.5, 11.0, 11.5, 12.0, 12.5, 13.0, 13.5, 14.0, 14.5], [-8.0, -7.5, -7.0, -6.5, -6.0, -5.5, -5.0, -4.5, -4.0, -3.5, -3.0, -2.5, -2.0, -1.5, -1.0, -0.5, 0.0, 0.5, 1.0, 1.5, 2.0, 2.5, 3.0, 3.5, 4.0, 4.5, 5.0, 5.5, 6.0, 6.5, 7.0, 7.5, 8.0, 8.5, 9.0, 9.5, 10.0, 10.5, 11.0, 11.5, 12.0, 12.5, 13.0, 13.5, 14.0, 14.5], [-8.0, -7.5, -7.0, -6.5, -6.0, -5.5, -5.0, -4.5, -4.0, -3.5, -3.0, -2.5, -2.0, -1.5, -1.0, -0.5, 0.0, 0.5, 1.0, 1.5, 2.0, 2.5, 3.0, 3.5, 4.0, 4.5, 5.0, 5.5, 6.0, 6.5, 7.0, 7.5, 8.0, 8.5, 9.0, 9.5, 10.0, 10.5, 11.0, 11.5, 12.0, 12.5, 13.0, 13.5, 14.0, 14.5], [-8.0, -7.5, -7.0, -6.5, -6.0, -5.5, -5.0, -4.5, -4.0, -3.5, -3.0, -2.5, -2.0, -1.5, -1.0, -0.5, 0.0, 0.5, 1.0, 1.5, 2.0, 2.5, 3.0, 3.5, 4.0, 4.5, 5.0, 5.5, 6.0, 6.5, 7.0, 7.5, 8.0, 8.5, 9.0, 9.5, 10.0, 10.5, 11.0, 11.5, 12.0, 12.5, 13.0, 13.5, 14.0, 14.5], [-8.0, -7.5, -7.0, -6.5, -6.0, -5.5, -5.0, -4.5, -4.0, -3.5, -3.0, -2.5, -2.0, -1.5, -1.0, -0.5, 0.0, 0.5, 1.0, 1.5, 2.0, 2.5, 3.0, 3.5, 4.0, 4.5, 5.0, 5.5, 6.0, 6.5, 7.0, 7.5, 8.0, 8.5, 9.0, 9.5, 10.0, 10.5, 11.0, 11.5, 12.0, 12.5, 13.0, 13.5, 14.0, 14.5], [-8.0, -7.5, -7.0, -6.5, -6.0, -5.5, -5.0, -4.5, -4.0, -3.5, -3.0, -2.5, -2.0, -1.5, -1.0, -0.5, 0.0, 0.5, 1.0, 1.5, 2.0, 2.5, 3.0, 3.5, 4.0, 4.5, 5.0, 5.5, 6.0, 6.5, 7.0, 7.5, 8.0, 8.5, 9.0, 9.5, 10.0, 10.5, 11.0, 11.5, 12.0, 12.5, 13.0, 13.5, 14.0, 14.5], [-8.0, -7.5, -7.0, -6.5, -6.0, -5.5, -5.0, -4.5, -4.0, -3.5, -3.0, -2.5, -2.0, -1.5, -1.0, -0.5, 0.0, 0.5, 1.0, 1.5, 2.0, 2.5, 3.0, 3.5, 4.0, 4.5, 5.0, 5.5, 6.0, 6.5, 7.0, 7.5, 8.0, 8.5, 9.0, 9.5, 10.0, 10.5, 11.0, 11.5, 12.0, 12.5, 13.0, 13.5, 14.0, 14.5]], \"y\": [[-8.0, -8.0, -8.0, -8.0, -8.0, -8.0, -8.0, -8.0, -8.0, -8.0, -8.0, -8.0, -8.0, -8.0, -8.0, -8.0, -8.0, -8.0, -8.0, -8.0, -8.0, -8.0, -8.0, -8.0, -8.0, -8.0, -8.0, -8.0, -8.0, -8.0, -8.0, -8.0, -8.0, -8.0, -8.0, -8.0, -8.0, -8.0, -8.0, -8.0, -8.0, -8.0, -8.0, -8.0, -8.0, -8.0], [-7.5, -7.5, -7.5, -7.5, -7.5, -7.5, -7.5, -7.5, -7.5, -7.5, -7.5, -7.5, -7.5, -7.5, -7.5, -7.5, -7.5, -7.5, -7.5, -7.5, -7.5, -7.5, -7.5, -7.5, -7.5, -7.5, -7.5, -7.5, -7.5, -7.5, -7.5, -7.5, -7.5, -7.5, -7.5, -7.5, -7.5, -7.5, -7.5, -7.5, -7.5, -7.5, -7.5, -7.5, -7.5, -7.5], [-7.0, -7.0, -7.0, -7.0, -7.0, -7.0, -7.0, -7.0, -7.0, -7.0, -7.0, -7.0, -7.0, -7.0, -7.0, -7.0, -7.0, -7.0, -7.0, -7.0, -7.0, -7.0, -7.0, -7.0, -7.0, -7.0, -7.0, -7.0, -7.0, -7.0, -7.0, -7.0, -7.0, -7.0, -7.0, -7.0, -7.0, -7.0, -7.0, -7.0, -7.0, -7.0, -7.0, -7.0, -7.0, -7.0], [-6.5, -6.5, -6.5, -6.5, -6.5, -6.5, -6.5, -6.5, -6.5, -6.5, -6.5, -6.5, -6.5, -6.5, -6.5, -6.5, -6.5, -6.5, -6.5, -6.5, -6.5, -6.5, -6.5, -6.5, -6.5, -6.5, -6.5, -6.5, -6.5, -6.5, -6.5, -6.5, -6.5, -6.5, -6.5, -6.5, -6.5, -6.5, -6.5, -6.5, -6.5, -6.5, -6.5, -6.5, -6.5, -6.5], [-6.0, -6.0, -6.0, -6.0, -6.0, -6.0, -6.0, -6.0, -6.0, -6.0, -6.0, -6.0, -6.0, -6.0, -6.0, -6.0, -6.0, -6.0, -6.0, -6.0, -6.0, -6.0, -6.0, -6.0, -6.0, -6.0, -6.0, -6.0, -6.0, -6.0, -6.0, -6.0, -6.0, -6.0, -6.0, -6.0, -6.0, -6.0, -6.0, -6.0, -6.0, -6.0, -6.0, -6.0, -6.0, -6.0], [-5.5, -5.5, -5.5, -5.5, -5.5, -5.5, -5.5, -5.5, -5.5, -5.5, -5.5, -5.5, -5.5, -5.5, -5.5, -5.5, -5.5, -5.5, -5.5, -5.5, -5.5, -5.5, -5.5, -5.5, -5.5, -5.5, -5.5, -5.5, -5.5, -5.5, -5.5, -5.5, -5.5, -5.5, -5.5, -5.5, -5.5, -5.5, -5.5, -5.5, -5.5, -5.5, -5.5, -5.5, -5.5, -5.5], [-5.0, -5.0, -5.0, -5.0, -5.0, -5.0, -5.0, -5.0, -5.0, -5.0, -5.0, -5.0, -5.0, -5.0, -5.0, -5.0, -5.0, -5.0, -5.0, -5.0, -5.0, -5.0, -5.0, -5.0, -5.0, -5.0, -5.0, -5.0, -5.0, -5.0, -5.0, -5.0, -5.0, -5.0, -5.0, -5.0, -5.0, -5.0, -5.0, -5.0, -5.0, -5.0, -5.0, -5.0, -5.0, -5.0], [-4.5, -4.5, -4.5, -4.5, -4.5, -4.5, -4.5, -4.5, -4.5, -4.5, -4.5, -4.5, -4.5, -4.5, -4.5, -4.5, -4.5, -4.5, -4.5, -4.5, -4.5, -4.5, -4.5, -4.5, -4.5, -4.5, -4.5, -4.5, -4.5, -4.5, -4.5, -4.5, -4.5, -4.5, -4.5, -4.5, -4.5, -4.5, -4.5, -4.5, -4.5, -4.5, -4.5, -4.5, -4.5, -4.5], [-4.0, -4.0, -4.0, -4.0, -4.0, -4.0, -4.0, -4.0, -4.0, -4.0, -4.0, -4.0, -4.0, -4.0, -4.0, -4.0, -4.0, -4.0, -4.0, -4.0, -4.0, -4.0, -4.0, -4.0, -4.0, -4.0, -4.0, -4.0, -4.0, -4.0, -4.0, -4.0, -4.0, -4.0, -4.0, -4.0, -4.0, -4.0, -4.0, -4.0, -4.0, -4.0, -4.0, -4.0, -4.0, -4.0], [-3.5, -3.5, -3.5, -3.5, -3.5, -3.5, -3.5, -3.5, -3.5, -3.5, -3.5, -3.5, -3.5, -3.5, -3.5, -3.5, -3.5, -3.5, -3.5, -3.5, -3.5, -3.5, -3.5, -3.5, -3.5, -3.5, -3.5, -3.5, -3.5, -3.5, -3.5, -3.5, -3.5, -3.5, -3.5, -3.5, -3.5, -3.5, -3.5, -3.5, -3.5, -3.5, -3.5, -3.5, -3.5, -3.5], [-3.0, -3.0, -3.0, -3.0, -3.0, -3.0, -3.0, -3.0, -3.0, -3.0, -3.0, -3.0, -3.0, -3.0, -3.0, -3.0, -3.0, -3.0, -3.0, -3.0, -3.0, -3.0, -3.0, -3.0, -3.0, -3.0, -3.0, -3.0, -3.0, -3.0, -3.0, -3.0, -3.0, -3.0, -3.0, -3.0, -3.0, -3.0, -3.0, -3.0, -3.0, -3.0, -3.0, -3.0, -3.0, -3.0], [-2.5, -2.5, -2.5, -2.5, -2.5, -2.5, -2.5, -2.5, -2.5, -2.5, -2.5, -2.5, -2.5, -2.5, -2.5, -2.5, -2.5, -2.5, -2.5, -2.5, -2.5, -2.5, -2.5, -2.5, -2.5, -2.5, -2.5, -2.5, -2.5, -2.5, -2.5, -2.5, -2.5, -2.5, -2.5, -2.5, -2.5, -2.5, -2.5, -2.5, -2.5, -2.5, -2.5, -2.5, -2.5, -2.5], [-2.0, -2.0, -2.0, -2.0, -2.0, -2.0, -2.0, -2.0, -2.0, -2.0, -2.0, -2.0, -2.0, -2.0, -2.0, -2.0, -2.0, -2.0, -2.0, -2.0, -2.0, -2.0, -2.0, -2.0, -2.0, -2.0, -2.0, -2.0, -2.0, -2.0, -2.0, -2.0, -2.0, -2.0, -2.0, -2.0, -2.0, -2.0, -2.0, -2.0, -2.0, -2.0, -2.0, -2.0, -2.0, -2.0], [-1.5, -1.5, -1.5, -1.5, -1.5, -1.5, -1.5, -1.5, -1.5, -1.5, -1.5, -1.5, -1.5, -1.5, -1.5, -1.5, -1.5, -1.5, -1.5, -1.5, -1.5, -1.5, -1.5, -1.5, -1.5, -1.5, -1.5, -1.5, -1.5, -1.5, -1.5, -1.5, -1.5, -1.5, -1.5, -1.5, -1.5, -1.5, -1.5, -1.5, -1.5, -1.5, -1.5, -1.5, -1.5, -1.5], [-1.0, -1.0, -1.0, -1.0, -1.0, -1.0, -1.0, -1.0, -1.0, -1.0, -1.0, -1.0, -1.0, -1.0, -1.0, -1.0, -1.0, -1.0, -1.0, -1.0, -1.0, -1.0, -1.0, -1.0, -1.0, -1.0, -1.0, -1.0, -1.0, -1.0, -1.0, -1.0, -1.0, -1.0, -1.0, -1.0, -1.0, -1.0, -1.0, -1.0, -1.0, -1.0, -1.0, -1.0, -1.0, -1.0], [-0.5, -0.5, -0.5, -0.5, -0.5, -0.5, -0.5, -0.5, -0.5, -0.5, -0.5, -0.5, -0.5, -0.5, -0.5, -0.5, -0.5, -0.5, -0.5, -0.5, -0.5, -0.5, -0.5, -0.5, -0.5, -0.5, -0.5, -0.5, -0.5, -0.5, -0.5, -0.5, -0.5, -0.5, -0.5, -0.5, -0.5, -0.5, -0.5, -0.5, -0.5, -0.5, -0.5, -0.5, -0.5, -0.5], [0.0, 0.0, 0.0, 0.0, 0.0, 0.0, 0.0, 0.0, 0.0, 0.0, 0.0, 0.0, 0.0, 0.0, 0.0, 0.0, 0.0, 0.0, 0.0, 0.0, 0.0, 0.0, 0.0, 0.0, 0.0, 0.0, 0.0, 0.0, 0.0, 0.0, 0.0, 0.0, 0.0, 0.0, 0.0, 0.0, 0.0, 0.0, 0.0, 0.0, 0.0, 0.0, 0.0, 0.0, 0.0, 0.0], [0.5, 0.5, 0.5, 0.5, 0.5, 0.5, 0.5, 0.5, 0.5, 0.5, 0.5, 0.5, 0.5, 0.5, 0.5, 0.5, 0.5, 0.5, 0.5, 0.5, 0.5, 0.5, 0.5, 0.5, 0.5, 0.5, 0.5, 0.5, 0.5, 0.5, 0.5, 0.5, 0.5, 0.5, 0.5, 0.5, 0.5, 0.5, 0.5, 0.5, 0.5, 0.5, 0.5, 0.5, 0.5, 0.5], [1.0, 1.0, 1.0, 1.0, 1.0, 1.0, 1.0, 1.0, 1.0, 1.0, 1.0, 1.0, 1.0, 1.0, 1.0, 1.0, 1.0, 1.0, 1.0, 1.0, 1.0, 1.0, 1.0, 1.0, 1.0, 1.0, 1.0, 1.0, 1.0, 1.0, 1.0, 1.0, 1.0, 1.0, 1.0, 1.0, 1.0, 1.0, 1.0, 1.0, 1.0, 1.0, 1.0, 1.0, 1.0, 1.0], [1.5, 1.5, 1.5, 1.5, 1.5, 1.5, 1.5, 1.5, 1.5, 1.5, 1.5, 1.5, 1.5, 1.5, 1.5, 1.5, 1.5, 1.5, 1.5, 1.5, 1.5, 1.5, 1.5, 1.5, 1.5, 1.5, 1.5, 1.5, 1.5, 1.5, 1.5, 1.5, 1.5, 1.5, 1.5, 1.5, 1.5, 1.5, 1.5, 1.5, 1.5, 1.5, 1.5, 1.5, 1.5, 1.5], [2.0, 2.0, 2.0, 2.0, 2.0, 2.0, 2.0, 2.0, 2.0, 2.0, 2.0, 2.0, 2.0, 2.0, 2.0, 2.0, 2.0, 2.0, 2.0, 2.0, 2.0, 2.0, 2.0, 2.0, 2.0, 2.0, 2.0, 2.0, 2.0, 2.0, 2.0, 2.0, 2.0, 2.0, 2.0, 2.0, 2.0, 2.0, 2.0, 2.0, 2.0, 2.0, 2.0, 2.0, 2.0, 2.0], [2.5, 2.5, 2.5, 2.5, 2.5, 2.5, 2.5, 2.5, 2.5, 2.5, 2.5, 2.5, 2.5, 2.5, 2.5, 2.5, 2.5, 2.5, 2.5, 2.5, 2.5, 2.5, 2.5, 2.5, 2.5, 2.5, 2.5, 2.5, 2.5, 2.5, 2.5, 2.5, 2.5, 2.5, 2.5, 2.5, 2.5, 2.5, 2.5, 2.5, 2.5, 2.5, 2.5, 2.5, 2.5, 2.5], [3.0, 3.0, 3.0, 3.0, 3.0, 3.0, 3.0, 3.0, 3.0, 3.0, 3.0, 3.0, 3.0, 3.0, 3.0, 3.0, 3.0, 3.0, 3.0, 3.0, 3.0, 3.0, 3.0, 3.0, 3.0, 3.0, 3.0, 3.0, 3.0, 3.0, 3.0, 3.0, 3.0, 3.0, 3.0, 3.0, 3.0, 3.0, 3.0, 3.0, 3.0, 3.0, 3.0, 3.0, 3.0, 3.0], [3.5, 3.5, 3.5, 3.5, 3.5, 3.5, 3.5, 3.5, 3.5, 3.5, 3.5, 3.5, 3.5, 3.5, 3.5, 3.5, 3.5, 3.5, 3.5, 3.5, 3.5, 3.5, 3.5, 3.5, 3.5, 3.5, 3.5, 3.5, 3.5, 3.5, 3.5, 3.5, 3.5, 3.5, 3.5, 3.5, 3.5, 3.5, 3.5, 3.5, 3.5, 3.5, 3.5, 3.5, 3.5, 3.5], [4.0, 4.0, 4.0, 4.0, 4.0, 4.0, 4.0, 4.0, 4.0, 4.0, 4.0, 4.0, 4.0, 4.0, 4.0, 4.0, 4.0, 4.0, 4.0, 4.0, 4.0, 4.0, 4.0, 4.0, 4.0, 4.0, 4.0, 4.0, 4.0, 4.0, 4.0, 4.0, 4.0, 4.0, 4.0, 4.0, 4.0, 4.0, 4.0, 4.0, 4.0, 4.0, 4.0, 4.0, 4.0, 4.0], [4.5, 4.5, 4.5, 4.5, 4.5, 4.5, 4.5, 4.5, 4.5, 4.5, 4.5, 4.5, 4.5, 4.5, 4.5, 4.5, 4.5, 4.5, 4.5, 4.5, 4.5, 4.5, 4.5, 4.5, 4.5, 4.5, 4.5, 4.5, 4.5, 4.5, 4.5, 4.5, 4.5, 4.5, 4.5, 4.5, 4.5, 4.5, 4.5, 4.5, 4.5, 4.5, 4.5, 4.5, 4.5, 4.5], [5.0, 5.0, 5.0, 5.0, 5.0, 5.0, 5.0, 5.0, 5.0, 5.0, 5.0, 5.0, 5.0, 5.0, 5.0, 5.0, 5.0, 5.0, 5.0, 5.0, 5.0, 5.0, 5.0, 5.0, 5.0, 5.0, 5.0, 5.0, 5.0, 5.0, 5.0, 5.0, 5.0, 5.0, 5.0, 5.0, 5.0, 5.0, 5.0, 5.0, 5.0, 5.0, 5.0, 5.0, 5.0, 5.0], [5.5, 5.5, 5.5, 5.5, 5.5, 5.5, 5.5, 5.5, 5.5, 5.5, 5.5, 5.5, 5.5, 5.5, 5.5, 5.5, 5.5, 5.5, 5.5, 5.5, 5.5, 5.5, 5.5, 5.5, 5.5, 5.5, 5.5, 5.5, 5.5, 5.5, 5.5, 5.5, 5.5, 5.5, 5.5, 5.5, 5.5, 5.5, 5.5, 5.5, 5.5, 5.5, 5.5, 5.5, 5.5, 5.5], [6.0, 6.0, 6.0, 6.0, 6.0, 6.0, 6.0, 6.0, 6.0, 6.0, 6.0, 6.0, 6.0, 6.0, 6.0, 6.0, 6.0, 6.0, 6.0, 6.0, 6.0, 6.0, 6.0, 6.0, 6.0, 6.0, 6.0, 6.0, 6.0, 6.0, 6.0, 6.0, 6.0, 6.0, 6.0, 6.0, 6.0, 6.0, 6.0, 6.0, 6.0, 6.0, 6.0, 6.0, 6.0, 6.0], [6.5, 6.5, 6.5, 6.5, 6.5, 6.5, 6.5, 6.5, 6.5, 6.5, 6.5, 6.5, 6.5, 6.5, 6.5, 6.5, 6.5, 6.5, 6.5, 6.5, 6.5, 6.5, 6.5, 6.5, 6.5, 6.5, 6.5, 6.5, 6.5, 6.5, 6.5, 6.5, 6.5, 6.5, 6.5, 6.5, 6.5, 6.5, 6.5, 6.5, 6.5, 6.5, 6.5, 6.5, 6.5, 6.5], [7.0, 7.0, 7.0, 7.0, 7.0, 7.0, 7.0, 7.0, 7.0, 7.0, 7.0, 7.0, 7.0, 7.0, 7.0, 7.0, 7.0, 7.0, 7.0, 7.0, 7.0, 7.0, 7.0, 7.0, 7.0, 7.0, 7.0, 7.0, 7.0, 7.0, 7.0, 7.0, 7.0, 7.0, 7.0, 7.0, 7.0, 7.0, 7.0, 7.0, 7.0, 7.0, 7.0, 7.0, 7.0, 7.0], [7.5, 7.5, 7.5, 7.5, 7.5, 7.5, 7.5, 7.5, 7.5, 7.5, 7.5, 7.5, 7.5, 7.5, 7.5, 7.5, 7.5, 7.5, 7.5, 7.5, 7.5, 7.5, 7.5, 7.5, 7.5, 7.5, 7.5, 7.5, 7.5, 7.5, 7.5, 7.5, 7.5, 7.5, 7.5, 7.5, 7.5, 7.5, 7.5, 7.5, 7.5, 7.5, 7.5, 7.5, 7.5, 7.5], [8.0, 8.0, 8.0, 8.0, 8.0, 8.0, 8.0, 8.0, 8.0, 8.0, 8.0, 8.0, 8.0, 8.0, 8.0, 8.0, 8.0, 8.0, 8.0, 8.0, 8.0, 8.0, 8.0, 8.0, 8.0, 8.0, 8.0, 8.0, 8.0, 8.0, 8.0, 8.0, 8.0, 8.0, 8.0, 8.0, 8.0, 8.0, 8.0, 8.0, 8.0, 8.0, 8.0, 8.0, 8.0, 8.0], [8.5, 8.5, 8.5, 8.5, 8.5, 8.5, 8.5, 8.5, 8.5, 8.5, 8.5, 8.5, 8.5, 8.5, 8.5, 8.5, 8.5, 8.5, 8.5, 8.5, 8.5, 8.5, 8.5, 8.5, 8.5, 8.5, 8.5, 8.5, 8.5, 8.5, 8.5, 8.5, 8.5, 8.5, 8.5, 8.5, 8.5, 8.5, 8.5, 8.5, 8.5, 8.5, 8.5, 8.5, 8.5, 8.5], [9.0, 9.0, 9.0, 9.0, 9.0, 9.0, 9.0, 9.0, 9.0, 9.0, 9.0, 9.0, 9.0, 9.0, 9.0, 9.0, 9.0, 9.0, 9.0, 9.0, 9.0, 9.0, 9.0, 9.0, 9.0, 9.0, 9.0, 9.0, 9.0, 9.0, 9.0, 9.0, 9.0, 9.0, 9.0, 9.0, 9.0, 9.0, 9.0, 9.0, 9.0, 9.0, 9.0, 9.0, 9.0, 9.0], [9.5, 9.5, 9.5, 9.5, 9.5, 9.5, 9.5, 9.5, 9.5, 9.5, 9.5, 9.5, 9.5, 9.5, 9.5, 9.5, 9.5, 9.5, 9.5, 9.5, 9.5, 9.5, 9.5, 9.5, 9.5, 9.5, 9.5, 9.5, 9.5, 9.5, 9.5, 9.5, 9.5, 9.5, 9.5, 9.5, 9.5, 9.5, 9.5, 9.5, 9.5, 9.5, 9.5, 9.5, 9.5, 9.5], [10.0, 10.0, 10.0, 10.0, 10.0, 10.0, 10.0, 10.0, 10.0, 10.0, 10.0, 10.0, 10.0, 10.0, 10.0, 10.0, 10.0, 10.0, 10.0, 10.0, 10.0, 10.0, 10.0, 10.0, 10.0, 10.0, 10.0, 10.0, 10.0, 10.0, 10.0, 10.0, 10.0, 10.0, 10.0, 10.0, 10.0, 10.0, 10.0, 10.0, 10.0, 10.0, 10.0, 10.0, 10.0, 10.0], [10.5, 10.5, 10.5, 10.5, 10.5, 10.5, 10.5, 10.5, 10.5, 10.5, 10.5, 10.5, 10.5, 10.5, 10.5, 10.5, 10.5, 10.5, 10.5, 10.5, 10.5, 10.5, 10.5, 10.5, 10.5, 10.5, 10.5, 10.5, 10.5, 10.5, 10.5, 10.5, 10.5, 10.5, 10.5, 10.5, 10.5, 10.5, 10.5, 10.5, 10.5, 10.5, 10.5, 10.5, 10.5, 10.5], [11.0, 11.0, 11.0, 11.0, 11.0, 11.0, 11.0, 11.0, 11.0, 11.0, 11.0, 11.0, 11.0, 11.0, 11.0, 11.0, 11.0, 11.0, 11.0, 11.0, 11.0, 11.0, 11.0, 11.0, 11.0, 11.0, 11.0, 11.0, 11.0, 11.0, 11.0, 11.0, 11.0, 11.0, 11.0, 11.0, 11.0, 11.0, 11.0, 11.0, 11.0, 11.0, 11.0, 11.0, 11.0, 11.0], [11.5, 11.5, 11.5, 11.5, 11.5, 11.5, 11.5, 11.5, 11.5, 11.5, 11.5, 11.5, 11.5, 11.5, 11.5, 11.5, 11.5, 11.5, 11.5, 11.5, 11.5, 11.5, 11.5, 11.5, 11.5, 11.5, 11.5, 11.5, 11.5, 11.5, 11.5, 11.5, 11.5, 11.5, 11.5, 11.5, 11.5, 11.5, 11.5, 11.5, 11.5, 11.5, 11.5, 11.5, 11.5, 11.5], [12.0, 12.0, 12.0, 12.0, 12.0, 12.0, 12.0, 12.0, 12.0, 12.0, 12.0, 12.0, 12.0, 12.0, 12.0, 12.0, 12.0, 12.0, 12.0, 12.0, 12.0, 12.0, 12.0, 12.0, 12.0, 12.0, 12.0, 12.0, 12.0, 12.0, 12.0, 12.0, 12.0, 12.0, 12.0, 12.0, 12.0, 12.0, 12.0, 12.0, 12.0, 12.0, 12.0, 12.0, 12.0, 12.0], [12.5, 12.5, 12.5, 12.5, 12.5, 12.5, 12.5, 12.5, 12.5, 12.5, 12.5, 12.5, 12.5, 12.5, 12.5, 12.5, 12.5, 12.5, 12.5, 12.5, 12.5, 12.5, 12.5, 12.5, 12.5, 12.5, 12.5, 12.5, 12.5, 12.5, 12.5, 12.5, 12.5, 12.5, 12.5, 12.5, 12.5, 12.5, 12.5, 12.5, 12.5, 12.5, 12.5, 12.5, 12.5, 12.5], [13.0, 13.0, 13.0, 13.0, 13.0, 13.0, 13.0, 13.0, 13.0, 13.0, 13.0, 13.0, 13.0, 13.0, 13.0, 13.0, 13.0, 13.0, 13.0, 13.0, 13.0, 13.0, 13.0, 13.0, 13.0, 13.0, 13.0, 13.0, 13.0, 13.0, 13.0, 13.0, 13.0, 13.0, 13.0, 13.0, 13.0, 13.0, 13.0, 13.0, 13.0, 13.0, 13.0, 13.0, 13.0, 13.0], [13.5, 13.5, 13.5, 13.5, 13.5, 13.5, 13.5, 13.5, 13.5, 13.5, 13.5, 13.5, 13.5, 13.5, 13.5, 13.5, 13.5, 13.5, 13.5, 13.5, 13.5, 13.5, 13.5, 13.5, 13.5, 13.5, 13.5, 13.5, 13.5, 13.5, 13.5, 13.5, 13.5, 13.5, 13.5, 13.5, 13.5, 13.5, 13.5, 13.5, 13.5, 13.5, 13.5, 13.5, 13.5, 13.5], [14.0, 14.0, 14.0, 14.0, 14.0, 14.0, 14.0, 14.0, 14.0, 14.0, 14.0, 14.0, 14.0, 14.0, 14.0, 14.0, 14.0, 14.0, 14.0, 14.0, 14.0, 14.0, 14.0, 14.0, 14.0, 14.0, 14.0, 14.0, 14.0, 14.0, 14.0, 14.0, 14.0, 14.0, 14.0, 14.0, 14.0, 14.0, 14.0, 14.0, 14.0, 14.0, 14.0, 14.0, 14.0, 14.0], [14.5, 14.5, 14.5, 14.5, 14.5, 14.5, 14.5, 14.5, 14.5, 14.5, 14.5, 14.5, 14.5, 14.5, 14.5, 14.5, 14.5, 14.5, 14.5, 14.5, 14.5, 14.5, 14.5, 14.5, 14.5, 14.5, 14.5, 14.5, 14.5, 14.5, 14.5, 14.5, 14.5, 14.5, 14.5, 14.5, 14.5, 14.5, 14.5, 14.5, 14.5, 14.5, 14.5, 14.5, 14.5, 14.5]], \"z\": [[394.0, 381.25, 369.0, 357.25, 346.0, 335.25, 325.0, 315.25, 306.0, 297.25, 289.0, 281.25, 274.0, 267.25, 261.0, 255.25, 250.0, 245.25, 241.0, 237.25, 234.0, 231.25, 229.0, 227.25, 226.0, 225.25, 225.0, 225.25, 226.0, 227.25, 229.0, 231.25, 234.0, 237.25, 241.0, 245.25, 250.0, 255.25, 261.0, 267.25, 274.0, 281.25, 289.0, 297.25, 306.0, 315.25], [379.25, 366.5, 354.25, 342.5, 331.25, 320.5, 310.25, 300.5, 291.25, 282.5, 274.25, 266.5, 259.25, 252.5, 246.25, 240.5, 235.25, 230.5, 226.25, 222.5, 219.25, 216.5, 214.25, 212.5, 211.25, 210.5, 210.25, 210.5, 211.25, 212.5, 214.25, 216.5, 219.25, 222.5, 226.25, 230.5, 235.25, 240.5, 246.25, 252.5, 259.25, 266.5, 274.25, 282.5, 291.25, 300.5], [365.0, 352.25, 340.0, 328.25, 317.0, 306.25, 296.0, 286.25, 277.0, 268.25, 260.0, 252.25, 245.0, 238.25, 232.0, 226.25, 221.0, 216.25, 212.0, 208.25, 205.0, 202.25, 200.0, 198.25, 197.0, 196.25, 196.0, 196.25, 197.0, 198.25, 200.0, 202.25, 205.0, 208.25, 212.0, 216.25, 221.0, 226.25, 232.0, 238.25, 245.0, 252.25, 260.0, 268.25, 277.0, 286.25], [351.25, 338.5, 326.25, 314.5, 303.25, 292.5, 282.25, 272.5, 263.25, 254.5, 246.25, 238.5, 231.25, 224.5, 218.25, 212.5, 207.25, 202.5, 198.25, 194.5, 191.25, 188.5, 186.25, 184.5, 183.25, 182.5, 182.25, 182.5, 183.25, 184.5, 186.25, 188.5, 191.25, 194.5, 198.25, 202.5, 207.25, 212.5, 218.25, 224.5, 231.25, 238.5, 246.25, 254.5, 263.25, 272.5], [338.0, 325.25, 313.0, 301.25, 290.0, 279.25, 269.0, 259.25, 250.0, 241.25, 233.0, 225.25, 218.0, 211.25, 205.0, 199.25, 194.0, 189.25, 185.0, 181.25, 178.0, 175.25, 173.0, 171.25, 170.0, 169.25, 169.0, 169.25, 170.0, 171.25, 173.0, 175.25, 178.0, 181.25, 185.0, 189.25, 194.0, 199.25, 205.0, 211.25, 218.0, 225.25, 233.0, 241.25, 250.0, 259.25], [325.25, 312.5, 300.25, 288.5, 277.25, 266.5, 256.25, 246.5, 237.25, 228.5, 220.25, 212.5, 205.25, 198.5, 192.25, 186.5, 181.25, 176.5, 172.25, 168.5, 165.25, 162.5, 160.25, 158.5, 157.25, 156.5, 156.25, 156.5, 157.25, 158.5, 160.25, 162.5, 165.25, 168.5, 172.25, 176.5, 181.25, 186.5, 192.25, 198.5, 205.25, 212.5, 220.25, 228.5, 237.25, 246.5], [313.0, 300.25, 288.0, 276.25, 265.0, 254.25, 244.0, 234.25, 225.0, 216.25, 208.0, 200.25, 193.0, 186.25, 180.0, 174.25, 169.0, 164.25, 160.0, 156.25, 153.0, 150.25, 148.0, 146.25, 145.0, 144.25, 144.0, 144.25, 145.0, 146.25, 148.0, 150.25, 153.0, 156.25, 160.0, 164.25, 169.0, 174.25, 180.0, 186.25, 193.0, 200.25, 208.0, 216.25, 225.0, 234.25], [301.25, 288.5, 276.25, 264.5, 253.25, 242.5, 232.25, 222.5, 213.25, 204.5, 196.25, 188.5, 181.25, 174.5, 168.25, 162.5, 157.25, 152.5, 148.25, 144.5, 141.25, 138.5, 136.25, 134.5, 133.25, 132.5, 132.25, 132.5, 133.25, 134.5, 136.25, 138.5, 141.25, 144.5, 148.25, 152.5, 157.25, 162.5, 168.25, 174.5, 181.25, 188.5, 196.25, 204.5, 213.25, 222.5], [290.0, 277.25, 265.0, 253.25, 242.0, 231.25, 221.0, 211.25, 202.0, 193.25, 185.0, 177.25, 170.0, 163.25, 157.0, 151.25, 146.0, 141.25, 137.0, 133.25, 130.0, 127.25, 125.0, 123.25, 122.0, 121.25, 121.0, 121.25, 122.0, 123.25, 125.0, 127.25, 130.0, 133.25, 137.0, 141.25, 146.0, 151.25, 157.0, 163.25, 170.0, 177.25, 185.0, 193.25, 202.0, 211.25], [279.25, 266.5, 254.25, 242.5, 231.25, 220.5, 210.25, 200.5, 191.25, 182.5, 174.25, 166.5, 159.25, 152.5, 146.25, 140.5, 135.25, 130.5, 126.25, 122.5, 119.25, 116.5, 114.25, 112.5, 111.25, 110.5, 110.25, 110.5, 111.25, 112.5, 114.25, 116.5, 119.25, 122.5, 126.25, 130.5, 135.25, 140.5, 146.25, 152.5, 159.25, 166.5, 174.25, 182.5, 191.25, 200.5], [269.0, 256.25, 244.0, 232.25, 221.0, 210.25, 200.0, 190.25, 181.0, 172.25, 164.0, 156.25, 149.0, 142.25, 136.0, 130.25, 125.0, 120.25, 116.0, 112.25, 109.0, 106.25, 104.0, 102.25, 101.0, 100.25, 100.0, 100.25, 101.0, 102.25, 104.0, 106.25, 109.0, 112.25, 116.0, 120.25, 125.0, 130.25, 136.0, 142.25, 149.0, 156.25, 164.0, 172.25, 181.0, 190.25], [259.25, 246.5, 234.25, 222.5, 211.25, 200.5, 190.25, 180.5, 171.25, 162.5, 154.25, 146.5, 139.25, 132.5, 126.25, 120.5, 115.25, 110.5, 106.25, 102.5, 99.25, 96.5, 94.25, 92.5, 91.25, 90.5, 90.25, 90.5, 91.25, 92.5, 94.25, 96.5, 99.25, 102.5, 106.25, 110.5, 115.25, 120.5, 126.25, 132.5, 139.25, 146.5, 154.25, 162.5, 171.25, 180.5], [250.0, 237.25, 225.0, 213.25, 202.0, 191.25, 181.0, 171.25, 162.0, 153.25, 145.0, 137.25, 130.0, 123.25, 117.0, 111.25, 106.0, 101.25, 97.0, 93.25, 90.0, 87.25, 85.0, 83.25, 82.0, 81.25, 81.0, 81.25, 82.0, 83.25, 85.0, 87.25, 90.0, 93.25, 97.0, 101.25, 106.0, 111.25, 117.0, 123.25, 130.0, 137.25, 145.0, 153.25, 162.0, 171.25], [241.25, 228.5, 216.25, 204.5, 193.25, 182.5, 172.25, 162.5, 153.25, 144.5, 136.25, 128.5, 121.25, 114.5, 108.25, 102.5, 97.25, 92.5, 88.25, 84.5, 81.25, 78.5, 76.25, 74.5, 73.25, 72.5, 72.25, 72.5, 73.25, 74.5, 76.25, 78.5, 81.25, 84.5, 88.25, 92.5, 97.25, 102.5, 108.25, 114.5, 121.25, 128.5, 136.25, 144.5, 153.25, 162.5], [233.0, 220.25, 208.0, 196.25, 185.0, 174.25, 164.0, 154.25, 145.0, 136.25, 128.0, 120.25, 113.0, 106.25, 100.0, 94.25, 89.0, 84.25, 80.0, 76.25, 73.0, 70.25, 68.0, 66.25, 65.0, 64.25, 64.0, 64.25, 65.0, 66.25, 68.0, 70.25, 73.0, 76.25, 80.0, 84.25, 89.0, 94.25, 100.0, 106.25, 113.0, 120.25, 128.0, 136.25, 145.0, 154.25], [225.25, 212.5, 200.25, 188.5, 177.25, 166.5, 156.25, 146.5, 137.25, 128.5, 120.25, 112.5, 105.25, 98.5, 92.25, 86.5, 81.25, 76.5, 72.25, 68.5, 65.25, 62.5, 60.25, 58.5, 57.25, 56.5, 56.25, 56.5, 57.25, 58.5, 60.25, 62.5, 65.25, 68.5, 72.25, 76.5, 81.25, 86.5, 92.25, 98.5, 105.25, 112.5, 120.25, 128.5, 137.25, 146.5], [218.0, 205.25, 193.0, 181.25, 170.0, 159.25, 149.0, 139.25, 130.0, 121.25, 113.0, 105.25, 98.0, 91.25, 85.0, 79.25, 74.0, 69.25, 65.0, 61.25, 58.0, 55.25, 53.0, 51.25, 50.0, 49.25, 49.0, 49.25, 50.0, 51.25, 53.0, 55.25, 58.0, 61.25, 65.0, 69.25, 74.0, 79.25, 85.0, 91.25, 98.0, 105.25, 113.0, 121.25, 130.0, 139.25], [211.25, 198.5, 186.25, 174.5, 163.25, 152.5, 142.25, 132.5, 123.25, 114.5, 106.25, 98.5, 91.25, 84.5, 78.25, 72.5, 67.25, 62.5, 58.25, 54.5, 51.25, 48.5, 46.25, 44.5, 43.25, 42.5, 42.25, 42.5, 43.25, 44.5, 46.25, 48.5, 51.25, 54.5, 58.25, 62.5, 67.25, 72.5, 78.25, 84.5, 91.25, 98.5, 106.25, 114.5, 123.25, 132.5], [205.0, 192.25, 180.0, 168.25, 157.0, 146.25, 136.0, 126.25, 117.0, 108.25, 100.0, 92.25, 85.0, 78.25, 72.0, 66.25, 61.0, 56.25, 52.0, 48.25, 45.0, 42.25, 40.0, 38.25, 37.0, 36.25, 36.0, 36.25, 37.0, 38.25, 40.0, 42.25, 45.0, 48.25, 52.0, 56.25, 61.0, 66.25, 72.0, 78.25, 85.0, 92.25, 100.0, 108.25, 117.0, 126.25], [199.25, 186.5, 174.25, 162.5, 151.25, 140.5, 130.25, 120.5, 111.25, 102.5, 94.25, 86.5, 79.25, 72.5, 66.25, 60.5, 55.25, 50.5, 46.25, 42.5, 39.25, 36.5, 34.25, 32.5, 31.25, 30.5, 30.25, 30.5, 31.25, 32.5, 34.25, 36.5, 39.25, 42.5, 46.25, 50.5, 55.25, 60.5, 66.25, 72.5, 79.25, 86.5, 94.25, 102.5, 111.25, 120.5], [194.0, 181.25, 169.0, 157.25, 146.0, 135.25, 125.0, 115.25, 106.0, 97.25, 89.0, 81.25, 74.0, 67.25, 61.0, 55.25, 50.0, 45.25, 41.0, 37.25, 34.0, 31.25, 29.0, 27.25, 26.0, 25.25, 25.0, 25.25, 26.0, 27.25, 29.0, 31.25, 34.0, 37.25, 41.0, 45.25, 50.0, 55.25, 61.0, 67.25, 74.0, 81.25, 89.0, 97.25, 106.0, 115.25], [189.25, 176.5, 164.25, 152.5, 141.25, 130.5, 120.25, 110.5, 101.25, 92.5, 84.25, 76.5, 69.25, 62.5, 56.25, 50.5, 45.25, 40.5, 36.25, 32.5, 29.25, 26.5, 24.25, 22.5, 21.25, 20.5, 20.25, 20.5, 21.25, 22.5, 24.25, 26.5, 29.25, 32.5, 36.25, 40.5, 45.25, 50.5, 56.25, 62.5, 69.25, 76.5, 84.25, 92.5, 101.25, 110.5], [185.0, 172.25, 160.0, 148.25, 137.0, 126.25, 116.0, 106.25, 97.0, 88.25, 80.0, 72.25, 65.0, 58.25, 52.0, 46.25, 41.0, 36.25, 32.0, 28.25, 25.0, 22.25, 20.0, 18.25, 17.0, 16.25, 16.0, 16.25, 17.0, 18.25, 20.0, 22.25, 25.0, 28.25, 32.0, 36.25, 41.0, 46.25, 52.0, 58.25, 65.0, 72.25, 80.0, 88.25, 97.0, 106.25], [181.25, 168.5, 156.25, 144.5, 133.25, 122.5, 112.25, 102.5, 93.25, 84.5, 76.25, 68.5, 61.25, 54.5, 48.25, 42.5, 37.25, 32.5, 28.25, 24.5, 21.25, 18.5, 16.25, 14.5, 13.25, 12.5, 12.25, 12.5, 13.25, 14.5, 16.25, 18.5, 21.25, 24.5, 28.25, 32.5, 37.25, 42.5, 48.25, 54.5, 61.25, 68.5, 76.25, 84.5, 93.25, 102.5], [178.0, 165.25, 153.0, 141.25, 130.0, 119.25, 109.0, 99.25, 90.0, 81.25, 73.0, 65.25, 58.0, 51.25, 45.0, 39.25, 34.0, 29.25, 25.0, 21.25, 18.0, 15.25, 13.0, 11.25, 10.0, 9.25, 9.0, 9.25, 10.0, 11.25, 13.0, 15.25, 18.0, 21.25, 25.0, 29.25, 34.0, 39.25, 45.0, 51.25, 58.0, 65.25, 73.0, 81.25, 90.0, 99.25], [175.25, 162.5, 150.25, 138.5, 127.25, 116.5, 106.25, 96.5, 87.25, 78.5, 70.25, 62.5, 55.25, 48.5, 42.25, 36.5, 31.25, 26.5, 22.25, 18.5, 15.25, 12.5, 10.25, 8.5, 7.25, 6.5, 6.25, 6.5, 7.25, 8.5, 10.25, 12.5, 15.25, 18.5, 22.25, 26.5, 31.25, 36.5, 42.25, 48.5, 55.25, 62.5, 70.25, 78.5, 87.25, 96.5], [173.0, 160.25, 148.0, 136.25, 125.0, 114.25, 104.0, 94.25, 85.0, 76.25, 68.0, 60.25, 53.0, 46.25, 40.0, 34.25, 29.0, 24.25, 20.0, 16.25, 13.0, 10.25, 8.0, 6.25, 5.0, 4.25, 4.0, 4.25, 5.0, 6.25, 8.0, 10.25, 13.0, 16.25, 20.0, 24.25, 29.0, 34.25, 40.0, 46.25, 53.0, 60.25, 68.0, 76.25, 85.0, 94.25], [171.25, 158.5, 146.25, 134.5, 123.25, 112.5, 102.25, 92.5, 83.25, 74.5, 66.25, 58.5, 51.25, 44.5, 38.25, 32.5, 27.25, 22.5, 18.25, 14.5, 11.25, 8.5, 6.25, 4.5, 3.25, 2.5, 2.25, 2.5, 3.25, 4.5, 6.25, 8.5, 11.25, 14.5, 18.25, 22.5, 27.25, 32.5, 38.25, 44.5, 51.25, 58.5, 66.25, 74.5, 83.25, 92.5], [170.0, 157.25, 145.0, 133.25, 122.0, 111.25, 101.0, 91.25, 82.0, 73.25, 65.0, 57.25, 50.0, 43.25, 37.0, 31.25, 26.0, 21.25, 17.0, 13.25, 10.0, 7.25, 5.0, 3.25, 2.0, 1.25, 1.0, 1.25, 2.0, 3.25, 5.0, 7.25, 10.0, 13.25, 17.0, 21.25, 26.0, 31.25, 37.0, 43.25, 50.0, 57.25, 65.0, 73.25, 82.0, 91.25], [169.25, 156.5, 144.25, 132.5, 121.25, 110.5, 100.25, 90.5, 81.25, 72.5, 64.25, 56.5, 49.25, 42.5, 36.25, 30.5, 25.25, 20.5, 16.25, 12.5, 9.25, 6.5, 4.25, 2.5, 1.25, 0.5, 0.25, 0.5, 1.25, 2.5, 4.25, 6.5, 9.25, 12.5, 16.25, 20.5, 25.25, 30.5, 36.25, 42.5, 49.25, 56.5, 64.25, 72.5, 81.25, 90.5], [169.0, 156.25, 144.0, 132.25, 121.0, 110.25, 100.0, 90.25, 81.0, 72.25, 64.0, 56.25, 49.0, 42.25, 36.0, 30.25, 25.0, 20.25, 16.0, 12.25, 9.0, 6.25, 4.0, 2.25, 1.0, 0.25, 0.0, 0.25, 1.0, 2.25, 4.0, 6.25, 9.0, 12.25, 16.0, 20.25, 25.0, 30.25, 36.0, 42.25, 49.0, 56.25, 64.0, 72.25, 81.0, 90.25], [169.25, 156.5, 144.25, 132.5, 121.25, 110.5, 100.25, 90.5, 81.25, 72.5, 64.25, 56.5, 49.25, 42.5, 36.25, 30.5, 25.25, 20.5, 16.25, 12.5, 9.25, 6.5, 4.25, 2.5, 1.25, 0.5, 0.25, 0.5, 1.25, 2.5, 4.25, 6.5, 9.25, 12.5, 16.25, 20.5, 25.25, 30.5, 36.25, 42.5, 49.25, 56.5, 64.25, 72.5, 81.25, 90.5], [170.0, 157.25, 145.0, 133.25, 122.0, 111.25, 101.0, 91.25, 82.0, 73.25, 65.0, 57.25, 50.0, 43.25, 37.0, 31.25, 26.0, 21.25, 17.0, 13.25, 10.0, 7.25, 5.0, 3.25, 2.0, 1.25, 1.0, 1.25, 2.0, 3.25, 5.0, 7.25, 10.0, 13.25, 17.0, 21.25, 26.0, 31.25, 37.0, 43.25, 50.0, 57.25, 65.0, 73.25, 82.0, 91.25], [171.25, 158.5, 146.25, 134.5, 123.25, 112.5, 102.25, 92.5, 83.25, 74.5, 66.25, 58.5, 51.25, 44.5, 38.25, 32.5, 27.25, 22.5, 18.25, 14.5, 11.25, 8.5, 6.25, 4.5, 3.25, 2.5, 2.25, 2.5, 3.25, 4.5, 6.25, 8.5, 11.25, 14.5, 18.25, 22.5, 27.25, 32.5, 38.25, 44.5, 51.25, 58.5, 66.25, 74.5, 83.25, 92.5], [173.0, 160.25, 148.0, 136.25, 125.0, 114.25, 104.0, 94.25, 85.0, 76.25, 68.0, 60.25, 53.0, 46.25, 40.0, 34.25, 29.0, 24.25, 20.0, 16.25, 13.0, 10.25, 8.0, 6.25, 5.0, 4.25, 4.0, 4.25, 5.0, 6.25, 8.0, 10.25, 13.0, 16.25, 20.0, 24.25, 29.0, 34.25, 40.0, 46.25, 53.0, 60.25, 68.0, 76.25, 85.0, 94.25], [175.25, 162.5, 150.25, 138.5, 127.25, 116.5, 106.25, 96.5, 87.25, 78.5, 70.25, 62.5, 55.25, 48.5, 42.25, 36.5, 31.25, 26.5, 22.25, 18.5, 15.25, 12.5, 10.25, 8.5, 7.25, 6.5, 6.25, 6.5, 7.25, 8.5, 10.25, 12.5, 15.25, 18.5, 22.25, 26.5, 31.25, 36.5, 42.25, 48.5, 55.25, 62.5, 70.25, 78.5, 87.25, 96.5], [178.0, 165.25, 153.0, 141.25, 130.0, 119.25, 109.0, 99.25, 90.0, 81.25, 73.0, 65.25, 58.0, 51.25, 45.0, 39.25, 34.0, 29.25, 25.0, 21.25, 18.0, 15.25, 13.0, 11.25, 10.0, 9.25, 9.0, 9.25, 10.0, 11.25, 13.0, 15.25, 18.0, 21.25, 25.0, 29.25, 34.0, 39.25, 45.0, 51.25, 58.0, 65.25, 73.0, 81.25, 90.0, 99.25], [181.25, 168.5, 156.25, 144.5, 133.25, 122.5, 112.25, 102.5, 93.25, 84.5, 76.25, 68.5, 61.25, 54.5, 48.25, 42.5, 37.25, 32.5, 28.25, 24.5, 21.25, 18.5, 16.25, 14.5, 13.25, 12.5, 12.25, 12.5, 13.25, 14.5, 16.25, 18.5, 21.25, 24.5, 28.25, 32.5, 37.25, 42.5, 48.25, 54.5, 61.25, 68.5, 76.25, 84.5, 93.25, 102.5], [185.0, 172.25, 160.0, 148.25, 137.0, 126.25, 116.0, 106.25, 97.0, 88.25, 80.0, 72.25, 65.0, 58.25, 52.0, 46.25, 41.0, 36.25, 32.0, 28.25, 25.0, 22.25, 20.0, 18.25, 17.0, 16.25, 16.0, 16.25, 17.0, 18.25, 20.0, 22.25, 25.0, 28.25, 32.0, 36.25, 41.0, 46.25, 52.0, 58.25, 65.0, 72.25, 80.0, 88.25, 97.0, 106.25], [189.25, 176.5, 164.25, 152.5, 141.25, 130.5, 120.25, 110.5, 101.25, 92.5, 84.25, 76.5, 69.25, 62.5, 56.25, 50.5, 45.25, 40.5, 36.25, 32.5, 29.25, 26.5, 24.25, 22.5, 21.25, 20.5, 20.25, 20.5, 21.25, 22.5, 24.25, 26.5, 29.25, 32.5, 36.25, 40.5, 45.25, 50.5, 56.25, 62.5, 69.25, 76.5, 84.25, 92.5, 101.25, 110.5], [194.0, 181.25, 169.0, 157.25, 146.0, 135.25, 125.0, 115.25, 106.0, 97.25, 89.0, 81.25, 74.0, 67.25, 61.0, 55.25, 50.0, 45.25, 41.0, 37.25, 34.0, 31.25, 29.0, 27.25, 26.0, 25.25, 25.0, 25.25, 26.0, 27.25, 29.0, 31.25, 34.0, 37.25, 41.0, 45.25, 50.0, 55.25, 61.0, 67.25, 74.0, 81.25, 89.0, 97.25, 106.0, 115.25], [199.25, 186.5, 174.25, 162.5, 151.25, 140.5, 130.25, 120.5, 111.25, 102.5, 94.25, 86.5, 79.25, 72.5, 66.25, 60.5, 55.25, 50.5, 46.25, 42.5, 39.25, 36.5, 34.25, 32.5, 31.25, 30.5, 30.25